  [1] 0.72916818 0.94495408 0.76682865 0.06947967 0.58619978 0.68264475 0.29501798
  [8] 0.75284034 0.37260982 0.94807142 0.32738349 0.58974106 0.25679566 0.42943094
 [15] 0.72741056 0.52041995 0.32484330 0.89049038 0.83161733 0.84268081 0.22838813
 [22] 0.59864054 0.17234679 0.10862092 0.27737933 0.21406266 0.19120839 0.72212953
 [29] 0.83501002 0.97525279 0.73454596 0.49004047 0.59910031 0.78322865 0.39729547
 [36] 0.80618400 0.80651875 0.97839121 0.86650847 0.85483827 0.29824029 0.56104166
 [43] 0.36289741 0.43483196 0.89895994 0.25695352 0.07909788 0.61089765 0.88005833
 [50] 0.76082748 0.78945282 0.16859840 0.58231180 0.71229682 0.37325887 0.37688256
 [57] 0.62216374 0.78424137 0.50645784 0.96584208 0.67078191 0.83833406 0.37950690
 [64] 0.54049415 0.50846739 0.38131992 0.41598892 0.06629321 0.56931096 0.15638434
 [71] 0.60769811 0.28891994 0.15732605 0.80944446 0.84149022 0.28759574 0.24928886
 [78] 0.84767425 0.42745393 0.92402990 0.52981333 0.80458384 0.30088933 0.05678788
 [85] 0.15982807 0.55641069 0.32919352 0.17327614 0.24562181 0.41537362 0.61877124
 [92] 0.61440331 0.40676180 0.37663114 0.01547157 0.01893762 0.56475092 0.64239147
 [99] 0.11912308 0.31349794
[1] "/Users/broycraft/Documents/classes/uf/sta3100/lectures/lecture_23"
